00000
00000
00000
00000
00000
00000
00000
00000
00000
00000
00000
00000
00000
00000
00000
00000
00000
00000
00000
00000
30303
01110
00000
44044
00000
00000
44344
44444
44444
40004
10101
00000
00000
20044
20044
40044
40044
44004
44004
40024
40004
00000
10201
10201
10201
10201
00000
00300
44444
44444
44444
00000
00300
44444
00000
44044
00000
00000
30303
11111
10001
10001
10001
11011
00000
00000
11311
44444
44444
44444
44044
00300
44444
44444
44444
44044
00300
44444
44444
44044
00000
00300
44444
44444
00000
00000
00000
00000
44404
44404
44404
44404
44404
44404
00000
00000
00000
00000
40444
40444
40444
40444
40444
40444
00000
00300
00000
22222
22222
00000
00000
00000
02000
00000
00000
00020
00000
00000
00020
02000
00000
00000
00200
00000
00000
11311
44444
44444
44444
44404
00030
44444
44444
44444
40444
03000
44444
44444
44044
00000
00030
44444
44444
00000
03000
03000
44444
44444
00000
00000
00000
00000
00000
01010
01010
00000
00000
10101
10101
00000
00000
10101
10101
00000
00000
00000
00000
02020
02020
02020
02020
02020
02020
00000
00000
00000
00000
00202
00202
20202
00202
00202
00202
00000
02000
00000
00000
00000
00000
03000
44444
44444
44444
10100
03000
44444
44444
44444
00101
00030
44444
44444
44444
00000
00000
00000
00000
00444
00444
40044
40044
44004
44004
44400
44400
00000
00000
00000
00000
00000
00000
00000
00000
00000
00000
30303
01110
00000
44044
00000
00000
44344
44444
44444
40004
10101
00000
00000
20044
20044
40044
40044
44004
44004
40024
40004
00000
10201
10201
10201
10201
00000
00300
44444
44444
44444
00000
00300
44444
00000
44044
00000
00000
30303
11111
10001
10001
10001
11011
00000
00000
11311
44444
44444
44444
44044
00300
44444
44444
44444
44044
00300
44444
44444
44044
00000
00300
44444
44444
00000
00000
00000
00000
44404
44404
44404
44404
44404
44404
00000
00000
00000
00000
40444
40444
40444
40444
40444
40444
00000
00300
00000
22222
22222
00000
00000
00000
02000
00000
00000
00020
00000
00000
00020
02000
00000
00000
00200
00000
00000
11311
44444
44444
44444
44404
00030
44444
44444
44444
40444
03000
44444
44444
44044
00000
00030
44444
44444
00000
03000
03000
44444
44444
00000
00000
00000
00000
00000
01010
01010
00000
00000
10101
10101
00000
00000
10101
10101
00000
00000
00000
00000
02020
02020
02020
02020
02020
02020
00000
00000
00000
00000
00202
00202
20202
00202
00202
00202
00000
02000
00000
00000
00000
00000
03000
44444
44444
44444
10100
03000
44444
44444
44444
00101
00030
44444
44444
44444
00000
00000
00000
00000
00444
00444
40044
40044
44004
44004
44400
44400
00000
00000
00000
00000
00000
00000
00000
00000
00000
00000
30303
01110
00000
44044
00000
00000
44344
44444
44444
40004
10101
00000
00000
20044
20044
40044
40044
44004
44004
40024
40004
00000
10201
10201
10201
10201
00000
00300
44444
44444
44444
00000
00300
44444
00000
44044
00000
00000
30303
11111
10001
10001
10001
11011
00000
00000
11311
44444
44444
44444
44044
00300
44444
44444
44444
44044
00300
44444
44444
44044
00000
00300
44444
44444
00000
00000
00000
00000
44404
44404
44404
44404
44404
44404
00000
00000
00000
00000
40444
40444
40444
40444
40444
40444
00000
00300
00000
22222
22222
00000
00000
00000
02000
00000
00000
00020
00000
00000
00020
02000
00000
00000
00200
00000
00000
11311
44444
44444
44444
44404
00030
44444
44444
44444
40444
03000
44444
44444
44044
00000
00030
44444
44444
00000
03000
03000
44444
44444
00000
00000
00000
00000
00000
01010
01010
00000
00000
10101
10101
00000
00000
10101
10101
00000
00000
00000
00000
02020
02020
02020
02020
02020
02020
00000
00000
00000
00000
00202
00202
20202
00202
00202
00202
00000
02000
00000
00000
00000
00000
03000
44444
44444
44444
10100
03000
44444
44444
44444
00101
00030
44444
44444
44444
00000
00000
00000
00000
00444
00444
40044
40044
44004
44004
44400
44400
00000
00000
00000
00000
00000
00000
00000
00000
00000
00000
30303
01110
00000
44044
00000
00000
44344
44444
44444
40004
10101
00000
00000
20044
20044
40044
40044
44004
44004
40024
40004
00000
10201
10201
10201
10201
00000
00300
44444
44444
44444
00000
00300
44444
00000
44044
00000
00000
30303
11111
10001
10001
10001
11011
00000
00000
11311
44444
44444
44444
44044
00300
44444
44444
44444
44044
00300
44444
44444
44044
00000
00300
44444
44444
00000
00000
00000
00000
44404
44404
44404
44404
44404
44404
00000
00000
00000
00000
40444
40444
40444
40444
40444
40444
00000
00300
00000
22222
22222
00000
00000
00000
02000
00000
00000
00020
00000
00000
00020
02000
00000
00000
00200
00000
00000
11311
44444
44444
44444
44404
00030
44444
44444
44444
40444
03000
44444
44444
44044
00000
00030
44444
44444
00000
03000
03000
44444
44444
00000
00000
00000
00000
00000
01010
01010
00000
00000
10101
10101
00000
00000
10101
10101
00000
00000
00000
00000
02020
02020
02020
02020
02020
02020
00000
00000
00000
00000
00202
00202
20202
00202
00202
00202
00000
02000
00000
00000
00000
00000
03000
44444
44444
44444
10100
03000
44444
44444
44444
00101
00030
44444
44444
44444
00000
00000
00000
00000
00444
00444
40044
40044
44004
44004
44400
44400
00000
00000
00000
00000
00000
00000
00000
00000
00000
00000
30303
01110
00000
44044
00000
00000
44344
44444
44444
40004
10101
00000
00000
20044
20044
40044
40044
44004
44004
40024
40004
00000
10201
10201
10201
10201
00000
00300
44444
44444
44444
00000
00300
44444
00000
44044
00000
00000
30303
11111
10001
10001
10001
11011
00000
00000
11311
44444
44444
44444
44044
00300
44444
44444
44444
44044
00300
44444
44444
44044
00000
00300
44444
44444
00000
00000
00000
00000
44404
44404
44404
44404
44404
44404
00000
00000
00000
00000
40444
40444
40444
40444
40444
40444
00000
00300
00000
22222
22222
00000
00000
00000
02000
00000
00000
00020
00000
00000
00020
02000
00000
00000
00200
00000
00000
11311
44444
44444
44444
44404
00030
44444
44444
44444
40444
03000
44444
44444
44044
00000
00030
44444
44444
00000
03000
03000
44444
44444
00000
00000
00000
00000
00000
01010
01010
00000
00000
10101
10101
00000
00000
10101
10101
00000
00000
00000
00000
02020
02020
02020
02020
02020
02020
00000
00000
00000
00000
00202
00202
20202
00202
00202
00202
00000
02000
00000
00000
00000
00000
03000
44444
44444
44444
10100
03000
44444
44444
44444
00101
00030
44444
44444
44444
00000
00000
00000
00000
00000
00000
00000
00000
00000
00000
00000
00000
00000
00000
00000
00000
00000
00000
00000
00000
00000
00000
00000
00000
00000
00000
00000
00000
00000
00000